version 2
run WirelessProcessingNet-0-20140527-22:24:07-4076
attr configname WirelessProcessingNet
attr datetime 20140527-22:24:07
attr experiment WirelessProcessingNet
attr inifile omnetpp.ini
attr iterationvars ""
attr iterationvars2 $repetition=0
attr measurement ""
attr network WirelessProcessingNet
attr processid 4076
attr repetition 0
attr replication #0
attr resultdir results
attr runnumber 0
attr seedset 0

vector 0  WirelessProcessingNet.Q[0]  qlen:vector  ETV
attr interpolationmode  sample-hold
attr title  "queue length, vector"
vector 2  WirelessProcessingNet.Q[1]  qlen:vector  ETV
attr interpolationmode  sample-hold
attr title  "queue length, vector"
vector 4  WirelessProcessingNet.Q[2]  qlen:vector  ETV
attr interpolationmode  sample-hold
attr title  "queue length, vector"
vector 6  WirelessProcessingNet.Q[3]  qlen:vector  ETV
attr interpolationmode  sample-hold
attr title  "queue length, vector"
vector 12  WirelessProcessingNet.src[0]  ""  ETV
vector 13  WirelessProcessingNet.src[1]  ""  ETV
vector 14  WirelessProcessingNet.src[2]  ""  ETV
vector 15  WirelessProcessingNet.src[3]  ""  ETV
vector 5  WirelessProcessingNet.Q[2]  queueingTime:vector  ETV
attr interpolationmode  none
attr title  "queueing time at dequeue, vector"
attr unit  s
vector 10  WirelessProcessingNet.dest[2]  lifetime:vector  ETV
attr interpolationmode  none
attr title  "lifetime of arrived jobs, vector"
attr unit  s
vector 7  WirelessProcessingNet.Q[3]  queueingTime:vector  ETV
attr interpolationmode  none
attr title  "queueing time at dequeue, vector"
attr unit  s
vector 11  WirelessProcessingNet.dest[3]  lifetime:vector  ETV
attr interpolationmode  none
attr title  "lifetime of arrived jobs, vector"
attr unit  s
vector 3  WirelessProcessingNet.Q[1]  queueingTime:vector  ETV
attr interpolationmode  none
attr title  "queueing time at dequeue, vector"
attr unit  s
vector 9  WirelessProcessingNet.dest[1]  lifetime:vector  ETV
attr interpolationmode  none
attr title  "lifetime of arrived jobs, vector"
attr unit  s
vector 1  WirelessProcessingNet.Q[0]  queueingTime:vector  ETV
attr interpolationmode  none
attr title  "queueing time at dequeue, vector"
attr unit  s
vector 8  WirelessProcessingNet.dest[0]  lifetime:vector  ETV
attr interpolationmode  none
attr title  "lifetime of arrived jobs, vector"
attr unit  s
0	0	0	0
0	5	0	1
0	31	0.5	2
0	61	1	3
0	88	1.5	4
0	116	2	5
0	146	2.5	6
0	191	2.95	5
0	200	3	6
0	202	3.5	7
0	290	3.99	6
0	297	4	7
0	346	4.5	8
0	352	5	9
0	380	5.5	10
0	410	6	11
0	438	6.5	12
0	492	7	13
0	546	7.5	14
0	567	7.83	13
0	574	8	14
0	602	8.5	15
0	670	8.82	14
0	679	9	15
0	705	9.5	16
0	726	9.64	15
0	761	10	16
0	789	10.5	17
0	793	11	18
0	823	11.5	19
0	853	12	20
0	874	12.27	19
0	881	12.5	20
0	911	13	21
0	963	13.5	22
0	994	14	23
0	1042	14.5	24
0	1063	14.52	23
0	1087	14.6	22
0	1099	15	23
0	1143	15.11	22
0	1172	15.5	23
0	1202	16	24
0	1232	16.5	25
0	1284	17	26
0	1314	17.5	27
0	1344	18	28
0	1388	18.5	29
0	1417	19	30
0	1421	19.5	31
0	1451	20	32
0	1474	20.26	31
0	1479	20.5	32
0	1500	20.53	31
0	1533	21	32
0	1561	21.5	33
0	1591	22	34
0	1612	22.32	33
0	1621	22.5	34
0	1642	22.61	33
0	1649	23	34
0	1670	23.04	33
0	1725	23.5	34
0	1757	24	35
0	1783	24.5	36
0	1815	25	37
0	1819	25.5	38
0	1893	26	39
0	1946	26.5	40
0	1994	27	41
0	2022	27.5	42
0	2043	27.57	41
0	2076	28	42
0	2080	28.5	43
0	2101	28.65	42
0	2151	28.89	41
0	2158	29	42
0	2162	29.5	43
0	2194	30	44
0	2215	30.31	43
0	2220	30.5	44
0	2250	31	45
0	2273	31.41	44
0	2280	31.5	45
0	2308	32	46
0	2338	32.5	47
0	2392	33	48
0	2418	33.5	49
0	2450	34	50
0	2454	34.5	51
0	2475	34.79	50
0	2484	35	51
0	2509	35.5	52
0	2530	35.53	51
0	2563	36	52
0	2591	36.5	53
0	2614	36.89	52
0	2621	37	53
0	2629	37.5	54
0	2652	38	55
0	2656	38.5	56
0	2679	38.78	55
0	2688	39	56
0	2762	39.5	57
0	2818	40	58
0	2870	40.5	59
0	2899	41	60
0	2952	41.5	61
0	2982	42	62
0	3010	42.5	63
0	3040	43	64
0	3061	43.32	63
0	3068	43.5	64
0	3074	44	65
0	3102	44.5	66
0	3134	45	67
0	3160	45.5	68
0	3183	45.9	67
0	3190	46	68
0	3244	46.5	69
0	3248	47	70
0	3326	47.5	71
0	3347	47.63	70
0	3380	48	71
0	3384	48.5	72
0	3438	49	73
0	3466	49.5	74
0	3496	50	75
0	3524	50.5	76
0	3530	51	77
0	3551	51.13	76
0	3558	51.5	77
0	3588	52	78
0	3618	52.5	79
0	3622	53	80
0	3645	53.36	79
0	3650	53.5	80
0	3682	54	81
0	3708	54.5	82
0	3731	54.78	81
0	3740	55	82
0	3792	55.5	83
0	3844	56	84
0	3874	56.5	85
0	3880	57	86
0	3908	57.5	87
0	3938	58	88
0	3990	58.5	89
0	4044	59	90
0	4072	59.5	91
0	4104	60	92
0	4202	60.5	93
0	4232	61	94
0	4255	61.49	93
0	4262	61.5	94
0	4283	61.82	93
0	4314	62	94
0	4320	62.5	95
0	4365	62.9	94
0	4374	63	95
0	4400	63.5	96
0	4432	64	97
0	4460	64.5	98
0	4466	65	99
0	4487	65.22	98
0	4542	65.5	99
0	4572	66	100
0	4593	66.03	99
0	4619	66.37	98
0	4624	66.5	99
0	4678	67	100
0	4708	67.5	101
0	4760	68	102
0	4788	68.5	103
0	4809	68.59	102
0	4844	69	103
0	4870	69.5	104
0	4902	70	105
0	4930	70.5	106
0	4982	71	107
0	5012	71.5	108
0	5033	71.55	107
0	5042	72	108
0	5070	72.5	109
0	5100	73	110
0	5128	73.5	111
0	5158	74	112
0	5186	74.5	113
0	5231	74.97	112
0	5242	75	113
0	5292	75.5	114
0	5322	76	115
0	5352	76.5	116
0	5404	77	117
0	5410	77.5	118
0	5431	77.77	117
0	5455	77.97	116
0	5464	78	117
0	5466	78.5	118
0	5487	78.51	117
0	5522	79	118
0	5550	79.5	119
0	5580	80	120
0	5608	80.5	121
0	5662	81	122
0	5690	81.5	123
0	5744	82	124
0	5774	82.5	125
0	5795	82.57	124
0	5826	83	125
0	5854	83.5	126
0	5875	83.72	125
0	5886	84	126
0	5936	84.5	127
0	5968	85	128
0	5972	85.5	129
0	5993	85.63	128
0	6024	86	129
0	6054	86.5	130
0	6084	87	131
0	6136	87.5	132
0	6166	88	133
0	6187	88.08	132
0	6194	88.5	133
0	6224	89	134
0	6228	89.5	135
0	6260	90	136
0	6286	90.5	137
0	6309	90.76	136
0	6316	91	137
0	6337	91.21	136
0	6370	91.5	137
0	6391	91.73	136
0	6398	92	137
0	6419	92.17	136
0	6428	92.5	137
0	6449	92.74	136
0	6458	93	137
0	6484	93.5	138
0	6516	94	139
0	6561	94.36	138
0	6568	94.5	139
0	6598	95	140
0	6621	95.36	139
0	6626	95.5	140
0	6657	96	141
0	6708	96.5	142
0	6738	97	143
0	6744	97.5	144
0	6772	98	145
0	6800	98.5	146
0	6832	99	147
0	6877	99.3	146
0	6882	99.5	147
0	6914	100	148
0	6966	100.5	149
0	6970	101	150
0	6995	101.29	149
0	7000	101.5	150
0	7006	102	151
0	7034	102.5	152
0	7064	103	153
0	7092	103.5	154
0	7098	104	155
0	7126	104.5	156
0	7159	105	157
0	7208	105.5	158
0	7238	106	159
0	7292	106.5	160
0	7313	106.73	159
0	7320	107	160
0	7391	107.43	159
0	7398	107.5	160
0	7452	108	161
0	7478	108.5	162
0	7503	108.85	161
0	7510	109	162
0	7538	109.5	163
0	7568	110	164
0	7597	110.5	165
0	7674	111	166
0	7702	111.5	167
0	7708	112	168
0	7729	112.04	167
0	7762	112.5	168
0	7766	113	169
0	7837	113.34	168
0	7866	113.5	169
0	7922	114	170
0	7948	114.5	171
0	7969	114.59	170
0	7980	115	171
0	8008	115.5	172
0	8036	116	173
0	8042	116.5	174
0	8072	117	175
0	8100	117.5	176
0	8130	118	177
0	8151	118.4	176
0	8158	118.5	177
0	8205	118.89	176
0	8212	119	177
0	8240	119.5	178
0	8272	120	179
0	8298	120.5	180
0	8321	120.86	179
0	8328	121	180
0	8351	121.36	179
0	8358	121.5	180
0	8362	122	181
0	8392	122.5	182
0	8398	123	183
0	8424	123.5	184
0	8480	124	185
0	8484	124.5	186
0	8538	125	187
0	8579	125.26	186
0	8590	125.5	187
0	8611	125.6	186
0	8635	125.74	185
0	8644	126	186
0	8696	126.5	187
0	8726	127	188
0	8756	127.5	189
0	8808	128	190
0	8812	128.5	191
0	8868	129	192
0	8894	129.5	193
0	8915	129.59	192
0	8974	130	193
0	8995	130.28	192
0	9002	130.5	193
0	9023	130.74	192
0	9030	131	193
0	9060	131.5	194
0	9105	131.95	193
0	9114	132	194
0	9135	132.07	193
0	9142	132.5	194
0	9165	132.96	193
0	9172	133	194
0	9200	133.5	195
0	9254	134	196
0	9282	134.5	197
0	9314	135	198
0	9340	135.5	199
0	9394	136	200
0	9400	136.5	201
0	9421	136.73	200
0	9428	137	201
0	9458	137.5	202
0	9464	138	203
0	9538	138.5	204
0	9594	139	205
0	9615	139.24	204
0	9622	139.5	205
0	9652	140	206
0	9704	140.5	207
0	9725	140.94	206
0	9734	141	207
0	9757	141.39	206
0	9762	141.5	207
0	9792	142	208
0	9798	142.5	209
0	9819	142.53	208
0	9826	143	209
0	9854	143.5	210
0	9875	143.58	209
0	9910	144	210
0	9912	144.5	211
0	9951	144.52	210
0	9968	145	211
0	9996	145.5	212
0	10024	146	213
0	10054	146.5	214
0	10108	147	215
0	10112	147.5	216
0	10142	148	217
0	10194	148.5	218
0	10215	148.56	217
0	10224	149	218
0	10269	149.19	217
0	10276	149.5	218
0	10286	150	219
0	10310	150.5	220
0	10381	150.93	219
0	10388	151	220
0	10409	151.22	219
0	10435	151.47	218
0	10442	151.5	219
0	10470	152	220
0	10524	152.5	221
0	10530	153	222
0	10556	153.5	223
0	10577	153.53	222
0	10612	154	223
0	10640	154.5	224
0	10661	154.78	223
0	10694	155	224
0	10722	155.5	225
0	10752	156	226
0	10780	156.5	227
0	10788	157	228
0	10807	157	227
0	10840	157.5	228
0	10892	158	229
0	10920	158.5	230
0	10941	158.64	229
0	11000	159	230
0	11026	159.5	231
0	11059	160	232
0	11110	160.5	233
0	11138	161	234
0	11168	161.5	235
0	11174	162	236
0	11202	162.5	237
0	11249	162.9	236
0	11256	163	237
0	11260	163.5	238
0	11290	164	239
0	11313	164.38	238
0	11318	164.5	239
0	11339	164.6	238
0	11398	165	239
0	11424	165.5	240
0	11445	165.62	239
0	11454	166	240
0	11549	166.45	239
0	11556	166.5	240
0	11584	167	241
0	11638	167.5	242
0	11668	168	243
0	11694	168.5	244
0	11750	169	245
0	11754	169.5	246
0	11775	169.59	245
0	11832	170	246
0	11853	170.09	245
0	11884	170.5	246
0	11914	171	247
0	11942	171.5	248
0	11948	172	249
0	12002	172.5	250
0	12006	173	251
0	12027	173.23	250
0	12034	173.5	251
0	12066	174	252
0	12116	174.5	253
0	12148	175	254
0	12169	175.43	253
0	12176	175.5	254
0	12205	176	255
0	12234	176.5	256
0	12264	177	257
0	12268	177.5	258
0	12298	178	259
0	12326	178.5	260
0	12356	179	261
0	12377	179.11	260
0	12403	179.34	259
0	12432	179.5	260
0	12488	180	261
0	12562	180.5	262
0	12616	181	263
0	12647	181.5	264
0	12674	182	265
0	12704	182.5	266
0	12734	183	267
0	12736	183.5	268
0	12792	184	269
0	12820	184.5	270
0	12826	185	271
0	12847	185.24	270
0	12854	185.5	271
0	12884	186	272
0	12912	186.5	273
0	12953	186.9	272
0	12966	187	273
0	12996	187.5	274
0	13017	187.77	273
0	13024	188	274
0	13071	188.32	273
0	13076	188.5	274
0	13132	189	275
0	13182	189.5	276
0	13214	190	277
0	13242	190.5	278
0	13248	191	279
0	13276	191.5	280
0	13306	192	281
0	13334	192.5	282
0	13342	193	283
0	13361	193	282
0	13385	193.39	281
0	13392	193.5	282
0	13437	193.67	281
0	13447	194	282
0	13498	194.5	283
0	13543	194.91	282
0	13554	195	283
0	13580	195.5	284
0	13601	195.54	283
0	13610	196	284
0	13640	196.5	285
0	13661	196.85	284
0	13668	197	285
0	13674	197.5	286
0	13719	197.89	285
0	13728	198	286
0	13754	198.5	287
0	13786	199	288
0	13814	199.5	289
0	13844	200	290
0	13872	200.5	291
0	13902	201	292
0	13949	201.45	291
0	13954	201.5	292
0	14001	201.95	291
0	14008	202	292
0	14029	202.45	291
0	14038	202.5	292
0	14059	202.91	291
0	14066	203	292
0	14094	203.5	293
0	14150	204	294
0	14171	204.23	293
0	14200	204.5	294
0	14280	205	295
0	14308	205.5	296
0	14329	205.78	295
0	14336	206	296
0	14366	206.5	297
0	14420	207	298
0	14448	207.5	299
0	14478	208	300
0	14506	208.5	301
0	14560	209	302
0	14564	209.5	303
0	14596	210	304
0	14622	210.5	305
1	191	2.95	2.95
1	290	3.99	3.49
1	567	7.83	6.83
1	670	8.82	7.32
1	726	9.64	7.64
1	874	12.27	9.77
1	1063	14.52	11.52
1	1087	14.6	11.1
1	1143	15.11	11.11
1	1474	20.26	15.76
1	1500	20.53	15.53
1	1612	22.32	16.82
1	1642	22.61	16.61
1	1670	23.04	16.54
1	2043	27.57	20.57
1	2101	28.65	21.15
1	2151	28.89	20.89
1	2215	30.31	21.81
1	2273	31.41	22.41
1	2475	34.79	25.29
1	2530	35.53	25.53
1	2614	36.89	26.39
1	2679	38.78	27.78
1	3061	43.32	31.82
1	3183	45.9	33.9
1	3347	47.63	35.13
1	3551	51.13	38.13
1	3645	53.36	39.86
1	3731	54.78	40.78
1	4255	61.49	46.99
1	4283	61.82	46.82
1	4365	62.9	47.4
1	4487	65.22	49.22
1	4593	66.03	49.53
1	4619	66.37	49.37
1	4809	68.59	51.09
1	5033	71.55	53.55
1	5231	74.97	56.47
1	5431	77.77	58.77
1	5455	77.97	58.47
1	5487	78.51	58.51
1	5795	82.57	62.07
1	5875	83.72	62.72
1	5993	85.63	64.13
1	6187	88.08	66.08
1	6309	90.76	68.26
1	6337	91.21	68.21
1	6391	91.73	68.23
1	6419	92.17	68.17
1	6449	92.74	68.24
1	6561	94.36	69.36
1	6621	95.36	69.86
1	6877	99.3	73.3
1	6995	101.29	74.79
1	7313	106.73	79.73
1	7391	107.43	79.93
1	7503	108.85	80.85
1	7729	112.04	83.54
1	7837	113.34	84.34
1	7969	114.59	85.09
1	8151	118.4	88.4
1	8205	118.89	88.39
1	8321	120.86	89.86
1	8351	121.36	89.86
1	8579	125.26	93.26
1	8611	125.6	93.1
1	8635	125.74	92.74
1	8915	129.59	96.09
1	8995	130.28	96.28
1	9023	130.74	96.24
1	9105	131.95	96.95
1	9135	132.07	96.57
1	9165	132.96	96.96
1	9421	136.73	100.23
1	9615	139.24	102.24
1	9725	140.94	103.44
1	9757	141.39	103.39
1	9819	142.53	104.03
1	9875	143.58	104.58
1	9951	144.52	105.02
1	10215	148.56	108.56
1	10269	149.19	108.69
1	10381	150.93	109.93
1	10409	151.22	109.72
1	10435	151.47	109.47
1	10577	153.53	111.03
1	10661	154.78	111.78
1	10807	157	113.5
1	10941	158.64	114.64
1	11249	162.9	118.4
1	11313	164.38	119.38
1	11339	164.6	119.1
1	11445	165.62	119.62
1	11549	166.45	119.95
1	11775	169.59	122.59
1	11853	170.09	122.59
1	12027	173.23	125.23
1	12169	175.43	126.93
1	12377	179.11	130.11
1	12403	179.34	129.84
1	12847	185.24	135.24
1	12953	186.9	136.4
1	13017	187.77	136.77
1	13071	188.32	136.82
1	13361	193	141
1	13385	193.39	140.89
1	13437	193.67	140.67
1	13543	194.91	141.41
1	13601	195.54	141.54
1	13661	196.85	142.35
1	13719	197.89	142.89
1	13949	201.45	145.95
1	14001	201.95	145.95
1	14029	202.45	145.95
1	14059	202.91	145.91
1	14171	204.23	146.73
1	14329	205.78	147.78
2	0	0	0
2	6	0	1
2	33	0.75	2
2	87	1.5	3
2	118	2.25	4
2	139	2.44	3
2	167	2.84	2
2	199	3	3
2	248	3.75	4
2	318	4.19	3
2	345	4.5	4
2	378	5.25	5
2	401	5.56	4
2	409	6	5
2	459	6.63	4
2	464	6.75	5
2	485	6.88	4
2	545	7.5	5
2	600	8.25	6
2	623	8.52	5
2	678	9	6
2	731	9.75	7
2	788	10.5	8
2	797	11.25	9
2	844	11.72	8
2	852	12	9
2	907	12.75	10
2	932	13.12	9
2	962	13.5	10
2	1014	14	9
2	1040	14.25	10
2	1098	15	11
2	1198	15.75	12
2	1223	16.02	11
2	1231	16.5	12
2	1253	16.64	11
2	1286	17.25	12
2	1307	17.48	11
2	1343	18	12
2	1392	18.75	13
2	1420	19.5	14
2	1453	20.25	15
2	1532	21	16
2	1554	21.19	15
2	1587	21.75	16
2	1620	22.5	17
2	1699	23.25	18
2	1748	23.87	17
2	1756	24	18
2	1778	24.43	17
2	1785	24.75	18
2	1806	24.97	17
2	1818	25.5	18
2	1920	26.25	19
2	1941	26.33	18
2	1993	27	19
2	2015	27.01	18
2	2067	27.71	17
2	2072	27.75	18
2	2079	28.5	19
2	2160	29.25	20
2	2183	29.71	19
2	2193	30	20
2	2246	30.75	21
2	2279	31.5	22
2	2329	32.14	21
2	2334	32.25	22
2	2383	32.81	21
2	2391	33	22
2	2446	33.75	23
2	2453	34.5	24
2	2507	35.25	25
2	2562	36	26
2	2593	36.75	27
2	2627	37.5	28
2	2654	38.25	29
2	2687	39	30
2	2733	39.32	29
2	2764	39.75	30
2	2785	39.77	29
2	2809	39.86	28
2	2839	40.29	27
2	2869	40.5	28
2	2891	40.54	27
2	2950	41.25	28
2	2973	41.57	27
2	2981	42	28
2	3031	42.59	27
2	3036	42.75	28
2	3067	43.5	29
2	3076	44.25	30
2	3123	44.94	29
2	3133	45	30
2	3155	45.42	29
2	3162	45.75	30
2	3213	46.38	29
2	3243	46.5	30
2	3298	47.25	31
2	3379	48	32
2	3410	48.75	33
2	3465	49.5	34
2	3522	50.25	35
2	3529	51	36
2	3584	51.75	37
2	3617	52.5	38
2	3624	53.25	39
2	3673	53.79	38
2	3681	54	39
2	3710	54.75	40
2	3785	55.45	39
2	3791	55.5	40
2	3837	55.95	39
2	3849	56.25	40
2	3869	56.25	39
2	3879	57	40
2	3934	57.75	41
2	3989	58.5	42
2	4011	58.55	41
2	4070	59.25	42
2	4103	60	43
2	4125	60.12	42
2	4149	60.23	41
2	4173	60.37	40
2	4204	60.75	41
2	4261	61.5	42
2	4316	62.25	43
2	4373	63	44
2	4404	63.75	45
2	4453	64.44	44
2	4459	64.5	45
2	4492	65.25	46
2	4513	65.34	45
2	4563	65.75	44
2	4571	66	45
2	4645	66.53	44
2	4650	66.75	45
2	4699	67.43	44
2	4707	67.5	45
2	4786	68.25	46
2	4843	69	47
2	4865	69.37	46
2	4896	69.75	47
2	4923	70.38	46
2	4929	70.5	47
2	4986	71.25	48
2	5041	72	49
2	5072	72.75	50
2	5093	72.92	49
2	5121	73.19	48
2	5127	73.5	49
2	5184	74.25	50
2	5207	74.65	49
2	5241	75	50
2	5294	75.75	51
2	5315	75.98	50
2	5343	76.18	49
2	5351	76.5	50
2	5406	77.25	51
2	5463	78	52
2	5494	78.75	53
2	5515	78.99	52
2	5549	79.5	53
2	5582	80.25	54
2	5661	81	55
2	5716	81.75	56
2	5773	82.5	57
2	5828	83.25	58
2	5885	84	59
2	5938	84.75	60
2	5971	85.5	61
2	6028	86.25	62
2	6049	86.37	61
2	6075	86.65	60
2	6083	87	61
2	6105	87.35	60
2	6129	87.47	59
2	6138	87.75	60
2	6193	88.5	61
2	6226	89.25	62
2	6259	90	63
2	6288	90.75	64
2	6363	91.45	63
2	6369	91.5	64
2	6424	92.25	65
2	6457	93	66
2	6512	93.75	67
2	6567	94.5	68
2	6600	95.25	69
2	6656	96	70
2	6710	96.75	71
2	6731	96.8	70
2	6743	97.5	71
2	6774	98.25	72
2	6831	99	73
2	6908	99.75	74
2	6935	100.11	73
2	6959	100.33	72
2	6965	100.5	73
2	6974	101.25	74
2	7005	102	75
2	7027	102.13	74
2	7055	102.57	73
2	7060	102.75	74
2	7085	103.11	73
2	7091	103.5	74
2	7119	104.15	73
2	7124	104.25	74
2	7158	105	75
2	7210	105.75	76
2	7231	105.77	75
2	7259	106.15	74
2	7291	106.5	75
2	7341	107.03	74
2	7370	107.25	75
2	7443	107.94	74
2	7451	108	75
2	7473	108.24	74
2	7482	108.75	75
2	7537	109.5	76
2	7594	110.25	77
2	7673	111	78
2	7704	111.75	79
2	7761	112.5	80
2	7816	113.25	81
2	7921	114	82
2	7943	114.15	81
2	7974	114.75	82
2	8007	115.5	83
2	8029	115.61	82
2	8040	116.25	83
2	8063	116.59	82
2	8071	117	83
2	8093	117.49	82
2	8102	117.75	83
2	8123	117.94	82
2	8157	118.5	83
2	8238	119.25	84
2	8261	119.52	83
2	8271	120	84
2	8293	120.25	83
2	8300	120.75	84
2	8357	121.5	85
2	8388	122.25	86
2	8397	123	87
2	8428	123.75	88
2	8473	123.97	87
2	8483	124.5	88
2	8540	125.25	89
2	8582	125.26	88
2	8643	126	89
2	8691	126.45	88
2	8699	126.75	89
2	8747	127.29	88
2	8755	127.5	89
2	8810	128.25	90
2	8867	129	91
2	8889	129.29	90
2	8920	129.75	91
2	9001	130.5	92
2	9051	131.06	91
2	9058	131.25	92
2	9081	131.7	91
2	9113	132	92
2	9144	132.75	93
2	9199	133.5	94
2	9280	134.25	95
2	9313	135	96
2	9366	135.75	97
2	9387	135.95	96
2	9399	136.5	97
2	9430	137.25	98
2	9463	138	99
2	9559	138.52	98
2	9566	138.75	99
2	9587	138.91	98
2	9621	139.5	99
2	9673	140.18	98
2	9678	140.25	99
2	9733	141	100
2	9764	141.75	101
2	9785	141.92	100
2	9797	142.5	101
2	9828	143.25	102
2	9901	143.93	101
2	9909	144	102
2	9954	144.52	101
2	9962	144.75	102
2	9995	145.5	103
2	10028	146.25	104
2	10049	146.27	103
2	10075	146.66	102
2	10099	146.95	101
2	10107	147	102
2	10133	147.66	101
2	10138	147.75	102
2	10163	148.27	101
2	10187	148.39	100
2	10193	148.5	101
2	10245	149.09	100
2	10274	149.25	101
2	10285	150	102
2	10305	150	101
2	10331	150.53	100
2	10336	150.75	101
2	10441	151.5	102
2	10520	152.25	103
2	10529	153	104
2	10585	153.75	105
2	10639	154.5	106
2	10696	155.25	107
2	10743	155.84	106
2	10751	156	107
2	10782	156.75	108
2	10839	157.5	109
2	10885	157.9	108
2	10918	158.25	109
2	10967	158.9	108
2	10999	159	109
2	11047	159.62	108
2	11052	159.75	109
2	11109	160.5	110
2	11131	160.82	109
2	11166	161.25	110
2	11173	162	111
2	11223	162.55	110
2	11228	162.75	111
2	11259	163.5	112
2	11283	163.75	111
2	11292	164.25	112
2	11397	165	113
2	11419	165.49	112
2	11450	165.75	113
2	11475	166.02	112
2	11499	166.23	111
2	11525	166.36	110
2	11555	166.5	111
2	11577	166.82	110
2	11610	167.25	111
2	11631	167.49	110
2	11659	167.86	109
2	11667	168	110
2	11722	168.75	111
2	11753	169.5	112
2	11858	170.25	113
2	11913	171	114
2	11944	171.75	115
2	11969	172.13	114
2	12001	172.5	115
2	12032	173.25	116
2	12065	174	117
2	12137	174.51	116
2	12142	174.75	117
2	12175	175.5	118
2	12197	175.78	117
2	12232	176.25	118
2	12255	176.81	117
2	12263	177	118
2	12294	177.75	119
2	12325	178.5	120
2	12349	178.88	119
2	12382	179.25	120
2	12477	179.86	119
2	12487	180	120
2	12583	180.74	119
2	12588	180.75	120
2	12637	181.22	119
2	12646	181.5	120
2	12676	182.25	121
2	12733	183	122
2	12764	183.75	123
2	12785	183.97	122
2	12819	184.5	123
2	12852	185.25	124
2	12875	185.76	123
2	12883	186	124
2	12914	186.75	125
2	12987	187.43	124
2	12995	187.5	125
2	13045	188.04	124
2	13050	188.25	125
2	13097	188.65	124
2	13131	189	125
2	13208	189.75	126
2	13235	190.49	125
2	13241	190.5	126
2	13267	191	125
2	13274	191.25	126
2	13305	192	127
2	13327	192.45	126
2	13336	192.75	127
2	13391	193.5	128
2	13472	194.25	129
2	13519	194.52	128
2	13553	195	129
2	13606	195.75	130
2	13639	196.5	131
2	13670	197.25	132
2	13727	198	133
2	13758	198.75	134
2	13813	199.5	135
2	13865	200.04	134
2	13870	200.25	135
2	13901	201	136
2	13956	201.75	137
2	14037	202.5	138
2	14092	203.25	139
2	14117	203.75	138
2	14141	203.93	137
2	14149	204	138
2	14250	204.75	139
2	14307	205.5	140
2	14364	206.25	141
2	14419	207	142
2	14441	207.28	141
2	14474	207.75	142
2	14499	208.33	141
2	14505	208.5	142
2	14562	209.25	143
2	14595	210	144
3	139	2.44	2.44
3	167	2.84	2.09
3	318	4.19	2.69
3	401	5.56	3.31
3	459	6.63	3.63
3	485	6.88	3.13
3	623	8.52	4.02
3	844	11.72	6.47
3	932	13.12	7.12
3	1014	14	7.25
3	1223	16.02	8.52
3	1253	16.64	8.39
3	1307	17.48	8.48
3	1554	21.19	11.44
3	1748	23.87	13.37
3	1778	24.43	13.18
3	1806	24.97	12.97
3	1941	26.33	13.58
3	2015	27.01	13.51
3	2067	27.71	13.46
3	2183	29.71	14.71
3	2329	32.14	16.39
3	2383	32.81	16.31
3	2733	39.32	22.07
3	2785	39.77	21.77
3	2809	39.86	21.11
3	2839	40.29	20.79
3	2891	40.54	20.29
3	2973	41.57	20.57
3	3031	42.59	20.84
3	3123	44.94	22.44
3	3155	45.42	22.17
3	3213	46.38	22.38
3	3673	53.79	29.04
3	3785	55.45	29.95
3	3837	55.95	29.7
3	3869	56.25	29.25
3	4011	58.55	30.8
3	4125	60.12	31.62
3	4149	60.23	30.98
3	4173	60.37	30.37
3	4453	64.44	33.69
3	4513	65.34	33.84
3	4563	65.75	33.5
3	4645	66.53	33.53
3	4699	67.43	33.68
3	4865	69.37	34.87
3	4923	70.38	35.13
3	5093	72.92	36.92
3	5121	73.19	36.44
3	5207	74.65	37.15
3	5315	75.98	37.73
3	5343	76.18	37.18
3	5515	78.99	39.24
3	6049	86.37	45.87
3	6075	86.65	45.4
3	6105	87.35	45.35
3	6129	87.47	44.72
3	6363	91.45	47.95
3	6731	96.8	52.55
3	6935	100.11	55.11
3	6959	100.33	54.58
3	7027	102.13	55.63
3	7055	102.57	55.32
3	7085	103.11	55.11
3	7119	104.15	55.4
3	7231	105.77	56.27
3	7259	106.15	55.9
3	7341	107.03	56.03
3	7443	107.94	56.19
3	7473	108.24	55.74
3	7943	114.15	60.9
3	8029	115.61	61.61
3	8063	116.59	61.84
3	8093	117.49	61.99
3	8123	117.94	61.69
3	8261	119.52	62.52
3	8293	120.25	62.5
3	8473	123.97	65.47
3	8582	125.26	66.01
3	8691	126.45	66.45
3	8747	127.29	66.54
3	8889	129.29	67.79
3	9051	131.06	68.81
3	9081	131.7	68.7
3	9387	135.95	72.2
3	9559	138.52	74.02
3	9587	138.91	73.66
3	9673	140.18	74.18
3	9785	141.92	75.17
3	9901	143.93	76.43
3	9954	144.52	76.27
3	10049	146.27	77.27
3	10075	146.66	76.91
3	10099	146.95	76.45
3	10133	147.66	76.41
3	10163	148.27	76.27
3	10187	148.39	75.64
3	10245	149.09	75.59
3	10305	150	75.75
3	10331	150.53	75.53
3	10743	155.84	80.09
3	10885	157.9	81.4
3	10967	158.9	81.65
3	11047	159.62	81.62
3	11131	160.82	82.07
3	11223	162.55	83.05
3	11283	163.75	83.5
3	11419	165.49	84.49
3	11475	166.02	84.27
3	11499	166.23	83.73
3	11525	166.36	83.11
3	11577	166.82	82.82
3	11631	167.49	82.74
3	11659	167.86	82.36
3	11969	172.13	85.88
3	12137	174.51	87.51
3	12197	175.78	88.03
3	12255	176.81	88.31
3	12349	178.88	89.63
3	12477	179.86	89.86
3	12583	180.74	89.99
3	12637	181.22	89.72
3	12785	183.97	91.72
3	12875	185.76	92.76
3	12987	187.43	93.68
3	13045	188.04	93.54
3	13097	188.65	93.4
3	13235	190.49	94.49
3	13267	191	94.25
3	13327	192.45	94.95
3	13519	194.52	96.27
3	13865	200.04	101.04
3	14117	203.75	104
3	14141	203.93	103.43
3	14441	207.28	106.03
3	14499	208.33	106.33
4	0	0	0
4	7	0	1
4	54	0.83	0
4	60	1	1
4	115	2	2
4	198	3	3
4	296	4	4
4	351	5	5
4	373	5.11	4
4	408	6	5
4	431	6.1	4
4	491	7	5
4	513	7.24	4
4	537	7.49	3
4	573	8	4
4	677	9	5
4	752	9.95	4
4	760	10	5
4	782	10.46	4
4	792	11	5
4	818	11.33	4
4	851	12	5
4	902	12.65	4
4	910	13	5
4	984	13.57	4
4	993	14	5
4	1097	15	6
4	1119	15	5
4	1201	16	6
4	1277	16.94	5
4	1283	17	6
4	1342	18	7
4	1416	19	8
4	1442	19.71	7
4	1450	20	8
4	1524	20.84	7
4	1531	21	8
4	1590	22	9
4	1648	23	10
4	1694	23.21	9
4	1755	24	10
4	1814	25	11
4	1864	25.62	10
4	1892	26	11
4	1913	26	10
4	1992	27	11
4	2075	28	12
4	2125	28.74	11
4	2157	29	12
4	2192	30	13
4	2249	31	14
4	2307	32	15
4	2390	33	16
4	2413	33.11	15
4	2449	34	16
4	2483	35	17
4	2554	35.89	16
4	2561	36	17
4	2584	36.02	16
4	2620	37	17
4	2651	38	18
4	2686	39	19
4	2757	39.47	18
4	2817	40	19
4	2863	40.39	18
4	2898	41	19
4	2919	41	18
4	2943	41.15	17
4	2980	42	18
4	3039	43	19
4	3073	44	20
4	3132	45	21
4	3189	46	22
4	3237	46.46	21
4	3247	47	22
4	3269	47.1	21
4	3293	47.24	20
4	3319	47.49	19
4	3371	47.85	18
4	3378	48	19
4	3437	49	20
4	3459	49.06	19
4	3487	49.87	18
4	3495	50	19
4	3517	50.23	18
4	3528	51	19
4	3579	51.53	18
4	3587	52	19
4	3609	52.45	18
4	3621	53	19
4	3680	54	20
4	3739	55	21
4	3761	55.06	20
4	3813	55.87	19
4	3843	56	20
4	3878	57	21
4	3901	57.04	20
4	3937	58	21
4	4037	58.89	20
4	4043	59	21
4	4065	59.03	20
4	4102	60	21
4	4225	60.84	20
4	4231	61	21
4	4313	62	22
4	4372	63	23
4	4395	63.34	22
4	4431	64	23
4	4465	65	24
4	4537	65.44	23
4	4570	66	24
4	4671	66.96	23
4	4677	67	24
4	4759	68	25
4	4835	68.99	24
4	4842	69	25
4	4901	70	26
4	4975	70.88	25
4	4981	71	26
4	5007	71.27	25
4	5040	72	26
4	5099	73	27
4	5157	74	28
4	5240	75	29
4	5263	75.32	28
4	5287	75.46	27
4	5321	76	28
4	5373	76.61	27
4	5403	77	28
4	5462	78	29
4	5521	79	30
4	5543	79.4	29
4	5579	80	30
4	5603	80.35	29
4	5629	80.55	28
4	5660	81	29
4	5685	81.46	28
4	5711	81.59	27
4	5737	81.9	26
4	5743	82	27
4	5819	82.71	26
4	5825	83	27
4	5884	84	28
4	5959	84.86	27
4	5967	85	28
4	6017	85.94	27
4	6023	86	28
4	6082	87	29
4	6159	87.83	28
4	6165	88	29
4	6223	89	30
4	6249	89.79	29
4	6258	90	30
4	6315	91	31
4	6397	92	32
4	6456	93	33
4	6505	93.65	32
4	6515	94	33
4	6537	94.05	32
4	6597	95	33
4	6647	95.84	32
4	6655	96	33
4	6737	97	34
4	6771	98	35
4	6823	98.77	34
4	6830	99	35
4	6913	100	36
4	6969	101	37
4	7004	102	38
4	7063	103	39
4	7097	104	40
4	7157	105	41
4	7203	105.14	40
4	7237	106	41
4	7285	106.25	40
4	7319	107	41
4	7365	107.23	40
4	7419	107.73	39
4	7450	108	40
4	7509	109	41
4	7559	109.59	40
4	7567	110	41
4	7589	110.11	40
4	7641	110.76	39
4	7665	110.93	38
4	7672	111	39
4	7707	112	40
4	7765	113	41
4	7805	113.18	40
4	7920	114	41
4	7979	115	42
4	8035	116	43
4	8070	117	44
4	8129	118	45
4	8211	119	46
4	8270	120	47
4	8327	121	48
4	8361	122	49
4	8396	123	50
4	8419	123.27	49
4	8479	124	50
4	8505	124.54	49
4	8529	124.87	48
4	8537	125	49
4	8642	126	50
4	8665	126.08	49
4	8725	127	50
4	8777	127.67	49
4	8801	127.76	48
4	8807	128	49
4	8833	128.55	48
4	8859	128.85	47
4	8866	129	48
4	8965	129.97	47
4	8973	130	48
4	9029	131	49
4	9112	132	50
4	9171	133	51
4	9193	133.18	50
4	9221	133.52	49
4	9245	133.68	48
4	9253	134	49
4	9275	134.12	48
4	9303	134.7	47
4	9312	135	48
4	9361	135.6	47
4	9393	136	48
4	9427	137	49
4	9462	138	50
4	9593	139	51
4	9651	140	52
4	9732	141	53
4	9791	142	54
4	9825	143	55
4	9849	143.31	54
4	9908	144	55
4	9967	145	56
4	9989	145.14	55
4	10023	146	56
4	10106	147	57
4	10141	148	58
4	10223	149	59
4	10283	150	60
4	10357	150.83	59
4	10387	151	60
4	10469	152	61
4	10509	152.19	60
4	10528	153	61
4	10605	153.75	60
4	10611	154	61
4	10693	155	62
4	10750	156	63
4	10775	156.27	62
4	10786	157	63
4	10861	157.55	62
4	10891	158	63
4	10991	158.98	62
4	10998	159	63
4	11058	160	64
4	11137	161	65
4	11159	161.07	64
4	11172	162	65
4	11255	163	66
4	11289	164	67
4	11363	164.8	66
4	11387	164.96	65
4	11396	165	66
4	11453	166	67
4	11583	167	68
4	11605	167.14	67
4	11666	168	68
4	11689	168.05	67
4	11715	168.65	66
4	11749	169	67
4	11799	169.78	66
4	11831	170	67
4	11912	171	68
4	11947	172	69
4	11993	172.34	68
4	12005	173	69
4	12055	173.62	68
4	12064	174	69
4	12087	174.02	68
4	12111	174.18	67
4	12147	175	68
4	12204	176	69
4	12225	176	68
4	12262	177	69
4	12297	178	70
4	12319	178.26	69
4	12355	179	70
4	12427	179.45	69
4	12453	179.59	68
4	12486	180	69
4	12527	180.2	68
4	12557	180.4	67
4	12609	180.93	66
4	12615	181	67
4	12667	181.5	66
4	12673	182	67
4	12697	182.46	66
4	12725	182.88	65
4	12732	183	66
4	12757	183.54	65
4	12791	184	66
4	12825	185	67
4	12882	186	68
4	12907	186.26	67
4	12965	187	68
4	13023	188	69
4	13130	189	70
4	13203	189.74	69
4	13213	190	70
4	13246	191	71
4	13297	191.91	70
4	13304	192	71
4	13340	193	72
4	13413	193.54	71
4	13446	194	72
4	13467	194	71
4	13493	194.48	70
4	13552	195	71
4	13575	195.38	70
4	13609	196	71
4	13667	197	72
4	13695	197.58	71
4	13726	198	72
4	13749	198.32	71
4	13785	199	72
4	13807	199.25	71
4	13843	200	72
4	13900	201	73
4	13923	201.11	72
4	14007	202	73
4	14065	203	74
4	14087	203.23	73
4	14148	204	74
4	14221	204.53	73
4	14271	204.84	72
4	14279	205	73
4	14335	206	74
4	14357	206.24	73
4	14387	206.76	72
4	14418	207	73
4	14477	208	74
4	14527	208.63	73
4	14559	209	74
4	14585	209.91	73
4	14594	210	74
4	14617	210.28	73
5	54	0.83	0.83
5	373	5.11	4.11
5	431	6.1	4.1
5	513	7.24	4.24
5	537	7.49	3.49
5	752	9.95	4.95
5	782	10.46	4.46
5	818	11.33	4.33
5	902	12.65	4.65
5	984	13.57	4.57
5	1119	15	5
5	1277	16.94	5.94
5	1442	19.71	7.71
5	1524	20.84	7.84
5	1694	23.21	9.21
5	1864	25.62	10.62
5	1913	26	10
5	2125	28.74	11.74
5	2413	33.11	15.11
5	2554	35.89	16.89
5	2584	36.02	16.02
5	2757	39.47	18.47
5	2863	40.39	18.39
5	2919	41	18
5	2943	41.15	17.15
5	3237	46.46	21.46
5	3269	47.1	21.1
5	3293	47.24	20.24
5	3319	47.49	19.49
5	3371	47.85	18.85
5	3459	49.06	19.06
5	3487	49.87	18.87
5	3517	50.23	18.23
5	3579	51.53	18.53
5	3609	52.45	18.45
5	3761	55.06	20.06
5	3813	55.87	19.87
5	3901	57.04	20.04
5	4037	58.89	20.89
5	4065	59.03	20.03
5	4225	60.84	20.84
5	4395	63.34	22.34
5	4537	65.44	23.44
5	4671	66.96	23.96
5	4835	68.99	24.99
5	4975	70.88	25.88
5	5007	71.27	25.27
5	5263	75.32	28.32
5	5287	75.46	27.46
5	5373	76.61	27.61
5	5543	79.4	29.4
5	5603	80.35	29.35
5	5629	80.55	28.55
5	5685	81.46	28.46
5	5711	81.59	27.59
5	5737	81.9	26.9
5	5819	82.71	26.71
5	5959	84.86	27.86
5	6017	85.94	27.94
5	6159	87.83	28.83
5	6249	89.79	29.79
5	6505	93.65	32.65
5	6537	94.05	32.05
5	6647	95.84	32.84
5	6823	98.77	34.77
5	7203	105.14	40.14
5	7285	106.25	40.25
5	7365	107.23	40.23
5	7419	107.73	39.73
5	7559	109.59	40.59
5	7589	110.11	40.11
5	7641	110.76	39.76
5	7665	110.93	38.93
5	7805	113.18	40.18
5	8419	123.27	49.27
5	8505	124.54	49.54
5	8529	124.87	48.87
5	8665	126.08	49.08
5	8777	127.67	49.67
5	8801	127.76	48.76
5	8833	128.55	48.55
5	8859	128.85	47.85
5	8965	129.97	47.97
5	9193	133.18	50.18
5	9221	133.52	49.52
5	9245	133.68	48.68
5	9275	134.12	48.12
5	9303	134.7	47.7
5	9361	135.6	47.6
5	9849	143.31	54.31
5	9989	145.14	55.14
5	10357	150.83	59.83
5	10509	152.19	60.19
5	10605	153.75	60.75
5	10775	156.27	62.27
5	10861	157.55	62.55
5	10991	158.98	62.98
5	11159	161.07	64.07
5	11363	164.8	66.8
5	11387	164.96	65.96
5	11605	167.14	67.14
5	11689	168.05	67.05
5	11715	168.65	66.65
5	11799	169.78	66.78
5	11993	172.34	68.34
5	12055	173.62	68.62
5	12087	174.02	68.02
5	12111	174.18	67.18
5	12225	176	68
5	12319	178.26	69.26
5	12427	179.45	69.45
5	12453	179.59	68.59
5	12527	180.2	68.2
5	12557	180.4	67.4
5	12609	180.93	66.93
5	12667	181.5	66.5
5	12697	182.46	66.46
5	12725	182.88	65.88
5	12757	183.54	65.54
5	12907	186.26	67.26
5	13203	189.74	69.74
5	13297	191.91	70.91
5	13413	193.54	71.54
5	13467	194	71
5	13493	194.48	70.48
5	13575	195.38	70.38
5	13695	197.58	71.58
5	13749	198.32	71.32
5	13807	199.25	71.25
5	13923	201.11	72.11
5	14087	203.23	73.23
5	14221	204.53	73.53
5	14271	204.84	72.84
5	14357	206.24	73.24
5	14387	206.76	72.76
5	14527	208.63	73.63
5	14585	209.91	73.91
5	14617	210.28	73.28
6	0	0	0
6	8	0	1
6	84	1.25	2
6	109	1.54	1
6	145	2.5	2
6	247	3.75	3
6	350	5	4
6	436	6.25	5
6	544	7.5	6
6	595	8.09	5
6	649	8.75	6
6	700	9.44	5
6	759	10	6
6	796	11.25	7
6	880	12.5	8
6	956	13.24	7
6	989	13.75	8
6	1096	15	9
6	1167	15.46	8
6	1193	15.69	7
6	1228	16.25	8
6	1313	17.5	9
6	1335	17.96	8
6	1391	18.75	9
6	1449	20	10
6	1559	21.25	11
6	1582	21.66	10
6	1619	22.5	11
6	1720	23.44	10
6	1727	23.75	11
6	1813	25	12
6	1840	25.51	11
6	1919	26.25	12
6	2021	27.5	13
6	2130	28.75	14
6	2191	30	15
6	2241	30.62	14
6	2252	31.25	15
6	2301	31.77	14
6	2337	32.5	15
6	2359	32.64	14
6	2439	33.72	13
6	2445	33.75	14
6	2482	35	15
6	2589	36.25	16
6	2626	37.5	17
6	2658	38.75	18
6	2709	39.17	17
6	2816	40	18
6	2949	41.25	19
6	3003	42.27	18
6	3009	42.5	19
6	3070	43.75	20
6	3097	44.43	19
6	3131	45	20
6	3192	46.25	21
6	3325	47.5	22
6	3403	48.5	21
6	3409	48.75	22
6	3431	48.83	21
6	3494	50	22
6	3556	51.25	23
6	3616	52.5	24
6	3652	53.75	25
6	3703	54.47	24
6	3738	55	25
6	3848	56.25	26
6	3907	57.5	27
6	3929	57.66	26
6	3959	58.13	25
6	3983	58.22	24
6	4016	58.75	25
6	4093	59.85	24
6	4101	60	25
6	4197	60.45	24
6	4234	61.25	25
6	4307	61.96	24
6	4319	62.5	25
6	4341	62.62	24
6	4403	63.75	25
6	4425	63.84	24
6	4464	65	25
6	4598	66.25	26
6	4706	67.5	27
6	4729	67.76	26
6	4753	67.85	25
6	4781	68.02	24
6	4814	68.75	25
6	4891	69.72	24
6	4900	70	25
6	4951	70.63	24
6	4985	71.25	25
6	5063	72.1	24
6	5069	72.5	25
6	5149	73.67	24
6	5154	73.75	25
6	5179	74.03	24
6	5239	75	25
6	5348	76.25	26
6	5397	76.88	25
6	5409	77.5	26
6	5493	78.75	27
6	5571	79.55	26
6	5578	80	27
6	5653	80.95	26
6	5664	81.25	27
6	5765	82.08	26
6	5772	82.5	27
6	5849	83.39	26
6	5880	83.75	27
6	5907	84.05	26
6	5931	84.38	25
6	5966	85	26
6	6027	86.25	27
6	6135	87.5	28
6	6196	88.75	29
6	6217	88.94	28
6	6257	90	29
6	6281	90.23	28
6	6342	91.25	29
6	6427	92.5	30
6	6479	93.27	29
6	6511	93.75	30
6	6589	94.94	29
6	6596	95	30
6	6677	96	29
6	6682	96.25	30
6	6703	96.45	29
6	6742	97.5	30
6	6765	97.91	29
6	6795	98.38	28
6	6802	98.75	29
6	6853	99.08	28
6	6903	99.55	27
6	6912	100	28
6	6973	101.25	29
6	7033	102.5	30
6	7094	103.75	31
6	7147	104.52	30
6	7156	105	31
6	7179	105	30
6	7265	106.25	31
6	7397	107.5	32
6	7481	108.75	33
6	7531	109.29	32
6	7566	110	33
6	7617	110.5	32
6	7676	111.25	33
6	7697	111.41	32
6	7753	112.25	31
6	7760	112.5	32
6	7808	113.18	31
6	7861	113.39	30
6	7887	113.56	29
6	7892	113.75	30
6	7913	113.87	29
6	7978	115	30
6	8001	115.2	29
6	8039	116.25	30
6	8099	117.5	31
6	8179	118.65	30
6	8184	118.75	31
6	8233	119.24	30
6	8269	120	31
6	8330	121.25	32
6	8383	122.14	31
6	8391	122.5	32
6	8427	123.75	33
6	8449	123.9	32
6	8536	125	33
6	8670	126.25	34
6	8719	126.75	33
6	8754	127.5	34
6	8838	128.75	35
6	8941	129.83	34
6	8972	130	35
6	9057	131.25	36
6	9141	132.5	37
6	9250	133.75	38
6	9311	135	39
6	9335	135.18	38
6	9396	136.25	39
6	9451	137.41	38
6	9457	137.5	39
6	9485	138.01	38
6	9509	138.12	37
6	9533	138.26	36
6	9565	138.75	37
6	9643	139.9	36
6	9650	140	37
6	9699	140.49	36
6	9736	141.25	37
6	9796	142.5	38
6	9880	143.75	39
6	9966	145	40
6	10017	145.89	39
6	10027	146.25	40
6	10111	147.5	41
6	10220	148.75	42
6	10282	150	43
6	10414	151.25	44
6	10463	151.86	43
6	10512	152.19	42
6	10523	152.5	43
6	10551	153.01	42
6	10584	153.75	43
6	10633	154.37	42
6	10685	154.91	41
6	10692	155	42
6	10717	155.4	41
6	10754	156.25	42
6	10831	157.45	41
6	10838	157.5	42
6	10913	158.22	41
6	10946	158.75	42
6	11021	159.49	41
6	11057	160	42
6	11079	160	41
6	11103	160.4	40
6	11165	161.25	41
6	11195	162.09	40
6	11201	162.5	41
6	11263	163.75	42
6	11395	165	43
6	11504	166.25	44
6	11637	167.5	45
6	11721	168.75	46
6	11743	168.93	45
6	11823	169.98	44
6	11830	170	45
6	11879	170.28	44
6	11905	170.79	43
6	11917	171.25	44
6	11937	171.25	43
6	12000	172.5	44
6	12060	173.75	45
6	12146	175	46
6	12231	176.25	47
6	12267	177.5	48
6	12289	177.72	47
6	12328	178.75	48
6	12485	180	49
6	12530	180.2	48
6	12642	181.25	49
6	12703	182.5	50
6	12763	183.75	51
6	12813	184.36	50
6	12824	185	51
6	12886	186.25	52
6	12956	186.9	51
6	12994	187.5	52
6	13102	188.75	53
6	13123	188.86	52
6	13153	189.13	51
6	13177	189.4	50
6	13212	190	51
6	13273	191.25	52
6	13333	192.5	53
6	13442	193.75	54
6	13551	195	55
6	13631	196.21	54
6	13636	196.25	55
6	13673	197.5	56
6	13757	198.75	57
6	13779	198.79	56
6	13835	199.8	55
6	13842	200	56
6	13893	200.86	55
6	13928	201.25	56
6	13977	201.81	55
6	14036	202.5	56
6	14097	203.75	57
6	14195	204.27	56
6	14245	204.74	55
6	14278	205	56
6	14301	205.3	55
6	14363	206.25	56
6	14411	206.88	55
6	14447	207.5	56
6	14469	207.58	55
6	14532	208.75	56
6	14553	208.96	55
6	14593	210	56
7	109	1.54	1.54
7	595	8.09	6.84
7	700	9.44	6.94
7	956	13.24	9.49
7	1167	15.46	10.46
7	1193	15.69	9.44
7	1335	17.96	10.46
7	1582	21.66	12.91
7	1720	23.44	13.44
7	1840	25.51	14.26
7	2241	30.62	18.12
7	2301	31.77	18.02
7	2359	32.64	17.64
7	2439	33.72	17.47
7	2709	39.17	21.67
7	3003	42.27	23.52
7	3097	44.43	24.43
7	3403	48.5	27.25
7	3431	48.83	26.33
7	3703	54.47	30.72
7	3929	57.66	32.66
7	3959	58.13	31.88
7	3983	58.22	30.72
7	4093	59.85	31.1
7	4197	60.45	30.45
7	4307	61.96	30.71
7	4341	62.62	30.12
7	4425	63.84	30.09
7	4729	67.76	32.76
7	4753	67.85	31.6
7	4781	68.02	30.52
7	4891	69.72	30.97
7	4951	70.63	30.63
7	5063	72.1	30.85
7	5149	73.67	31.17
7	5179	74.03	30.28
7	5397	76.88	31.88
7	5571	79.55	33.3
7	5653	80.95	33.45
7	5765	82.08	33.33
7	5849	83.39	33.39
7	5907	84.05	32.8
7	5931	84.38	31.88
7	6217	88.94	35.19
7	6281	90.23	35.23
7	6479	93.27	37.02
7	6589	94.94	37.44
7	6677	96	37.25
7	6703	96.45	36.45
7	6765	97.91	36.66
7	6795	98.38	35.88
7	6853	99.08	35.33
7	6903	99.55	34.55
7	7147	104.52	38.27
7	7179	105	37.5
7	7531	109.29	40.54
7	7617	110.5	40.5
7	7697	111.41	40.16
7	7753	112.25	39.75
7	7808	113.18	39.43
7	7861	113.39	38.39
7	7887	113.56	37.31
7	7913	113.87	36.37
7	8001	115.2	36.45
7	8179	118.65	38.65
7	8233	119.24	37.99
7	8383	122.14	39.64
7	8449	123.9	40.15
7	8719	126.75	41.75
7	8941	129.83	43.58
7	9335	135.18	47.68
7	9451	137.41	48.66
7	9485	138.01	48.01
7	9509	138.12	46.87
7	9533	138.26	45.76
7	9643	139.9	46.15
7	9699	140.49	45.49
7	10017	145.89	49.64
7	10463	151.86	54.36
7	10512	152.19	53.44
7	10551	153.01	53.01
7	10633	154.37	53.12
7	10685	154.91	52.41
7	10717	155.4	51.65
7	10831	157.45	52.45
7	10913	158.22	51.97
7	11021	159.49	51.99
7	11079	160	51.25
7	11103	160.4	50.4
7	11195	162.09	50.84
7	11743	168.93	56.43
7	11823	169.98	56.23
7	11879	170.28	55.28
7	11905	170.79	54.54
7	11937	171.25	53.75
7	12289	177.72	58.97
7	12530	180.2	60.2
7	12813	184.36	63.11
7	12956	186.9	64.4
7	13123	188.86	65.11
7	13153	189.13	64.13
7	13177	189.4	63.15
7	13631	196.21	68.71
7	13779	198.79	70.04
7	13835	199.8	69.8
7	13893	200.86	69.61
7	13977	201.81	69.31
7	14195	204.27	70.52
7	14245	204.74	69.74
7	14301	205.3	69.05
7	14411	206.88	69.38
7	14469	207.58	68.83
7	14553	208.96	68.96
8	194	2.95	2.95
8	293	3.99	3.49
8	570	7.83	6.83
8	673	8.82	7.32
8	729	9.64	7.64
8	877	12.27	9.77
8	1066	14.52	11.52
8	1090	14.6	11.1
8	1146	15.11	11.11
8	1477	20.26	15.76
8	1503	20.53	15.53
8	1615	22.32	16.82
8	1645	22.61	16.61
8	1673	23.04	16.54
8	2046	27.57	20.57
8	2104	28.65	21.15
8	2154	28.89	20.89
8	2218	30.31	21.81
8	2276	31.41	22.41
8	2478	34.79	25.29
8	2533	35.53	25.53
8	2617	36.89	26.39
8	2682	38.78	27.78
8	3064	43.32	31.82
8	3186	45.9	33.9
8	3350	47.63	35.13
8	3554	51.13	38.13
8	3648	53.36	39.86
8	3734	54.78	40.78
8	4258	61.49	46.99
8	4286	61.82	46.82
8	4368	62.9	47.4
8	4490	65.22	49.22
8	4596	66.03	49.53
8	4622	66.37	49.37
8	4812	68.59	51.09
8	5036	71.55	53.55
8	5234	74.97	56.47
8	5434	77.77	58.77
8	5458	77.97	58.47
8	5490	78.51	58.51
8	5798	82.57	62.07
8	5878	83.72	62.72
8	5996	85.63	64.13
8	6190	88.08	66.08
8	6312	90.76	68.26
8	6340	91.21	68.21
8	6394	91.73	68.23
8	6422	92.17	68.17
8	6452	92.74	68.24
8	6564	94.36	69.36
8	6624	95.36	69.86
8	6880	99.3	73.3
8	6998	101.29	74.79
8	7316	106.73	79.73
8	7394	107.43	79.93
8	7506	108.85	80.85
8	7732	112.04	83.54
8	7840	113.34	84.34
8	7972	114.59	85.09
8	8154	118.4	88.4
8	8208	118.89	88.39
8	8324	120.86	89.86
8	8354	121.36	89.86
8	8587	125.26	93.26
8	8614	125.6	93.1
8	8638	125.74	92.74
8	8918	129.59	96.09
8	8998	130.28	96.28
8	9026	130.74	96.24
8	9108	131.95	96.95
8	9138	132.07	96.57
8	9168	132.96	96.96
8	9424	136.73	100.23
8	9618	139.24	102.24
8	9728	140.94	103.44
8	9760	141.39	103.39
8	9822	142.53	104.03
8	9878	143.58	104.58
8	9959	144.52	105.02
8	10218	148.56	108.56
8	10272	149.19	108.69
8	10384	150.93	109.93
8	10412	151.22	109.72
8	10438	151.47	109.47
8	10580	153.53	111.03
8	10664	154.78	111.78
8	10810	157	113.5
8	10944	158.64	114.64
8	11252	162.9	118.4
8	11316	164.38	119.38
8	11342	164.6	119.1
8	11448	165.62	119.62
8	11552	166.45	119.95
8	11778	169.59	122.59
8	11856	170.09	122.59
8	12030	173.23	125.23
8	12172	175.43	126.93
8	12380	179.11	130.11
8	12406	179.34	129.84
8	12850	185.24	135.24
8	12961	186.9	136.4
8	13020	187.77	136.77
8	13074	188.32	136.82
8	13364	193	141
8	13388	193.39	140.89
8	13440	193.67	140.67
8	13546	194.91	141.41
8	13604	195.54	141.54
8	13664	196.85	142.35
8	13722	197.89	142.89
8	13952	201.45	145.95
8	14004	201.95	145.95
8	14032	202.45	145.95
8	14062	202.91	145.91
8	14174	204.23	146.73
8	14332	205.78	147.78
9	142	2.44	2.44
9	170	2.84	2.09
9	321	4.19	2.69
9	404	5.56	3.31
9	462	6.63	3.63
9	488	6.88	3.13
9	626	8.52	4.02
9	847	11.72	6.47
9	935	13.12	7.12
9	1017	14	7.25
9	1226	16.02	8.52
9	1256	16.64	8.39
9	1310	17.48	8.48
9	1557	21.19	11.44
9	1751	23.87	13.37
9	1781	24.43	13.18
9	1809	24.97	12.97
9	1944	26.33	13.58
9	2018	27.01	13.51
9	2070	27.71	13.46
9	2186	29.71	14.71
9	2332	32.14	16.39
9	2386	32.81	16.31
9	2736	39.32	22.07
9	2788	39.77	21.77
9	2812	39.86	21.11
9	2842	40.29	20.79
9	2894	40.54	20.29
9	2976	41.57	20.57
9	3034	42.59	20.84
9	3126	44.94	22.44
9	3158	45.42	22.17
9	3216	46.38	22.38
9	3676	53.79	29.04
9	3788	55.45	29.95
9	3840	55.95	29.7
9	3872	56.25	29.25
9	4014	58.55	30.8
9	4128	60.12	31.62
9	4152	60.23	30.98
9	4176	60.37	30.37
9	4456	64.44	33.69
9	4516	65.34	33.84
9	4566	65.75	33.5
9	4648	66.53	33.53
9	4702	67.43	33.68
9	4868	69.37	34.87
9	4926	70.38	35.13
9	5096	72.92	36.92
9	5124	73.19	36.44
9	5210	74.65	37.15
9	5318	75.98	37.73
9	5346	76.18	37.18
9	5518	78.99	39.24
9	6052	86.37	45.87
9	6078	86.65	45.4
9	6108	87.35	45.35
9	6132	87.47	44.72
9	6366	91.45	47.95
9	6734	96.8	52.55
9	6938	100.11	55.11
9	6962	100.33	54.58
9	7030	102.13	55.63
9	7058	102.57	55.32
9	7088	103.11	55.11
9	7122	104.15	55.4
9	7234	105.77	56.27
9	7262	106.15	55.9
9	7344	107.03	56.03
9	7446	107.94	56.19
9	7476	108.24	55.74
9	7946	114.15	60.9
9	8032	115.61	61.61
9	8066	116.59	61.84
9	8096	117.49	61.99
9	8126	117.94	61.69
9	8264	119.52	62.52
9	8296	120.25	62.5
9	8476	123.97	65.47
9	8588	125.26	66.01
9	8694	126.45	66.45
9	8750	127.29	66.54
9	8892	129.29	67.79
9	9054	131.06	68.81
9	9084	131.7	68.7
9	9390	135.95	72.2
9	9562	138.52	74.02
9	9590	138.91	73.66
9	9676	140.18	74.18
9	9788	141.92	75.17
9	9904	143.93	76.43
9	9960	144.52	76.27
9	10052	146.27	77.27
9	10078	146.66	76.91
9	10102	146.95	76.45
9	10136	147.66	76.41
9	10166	148.27	76.27
9	10190	148.39	75.64
9	10248	149.09	75.59
9	10308	150	75.75
9	10334	150.53	75.53
9	10746	155.84	80.09
9	10888	157.9	81.4
9	10970	158.9	81.65
9	11050	159.62	81.62
9	11134	160.82	82.07
9	11226	162.55	83.05
9	11286	163.75	83.5
9	11422	165.49	84.49
9	11478	166.02	84.27
9	11502	166.23	83.73
9	11528	166.36	83.11
9	11580	166.82	82.82
9	11634	167.49	82.74
9	11662	167.86	82.36
9	11972	172.13	85.88
9	12140	174.51	87.51
9	12200	175.78	88.03
9	12258	176.81	88.31
9	12352	178.88	89.63
9	12480	179.86	89.86
9	12586	180.74	89.99
9	12640	181.22	89.72
9	12788	183.97	91.72
9	12878	185.76	92.76
9	12990	187.43	93.68
9	13048	188.04	93.54
9	13100	188.65	93.4
9	13238	190.49	94.49
9	13270	191	94.25
9	13330	192.45	94.95
9	13522	194.52	96.27
9	13868	200.04	101.04
9	14120	203.75	104
9	14144	203.93	103.43
9	14444	207.28	106.03
9	14502	208.33	106.33
10	57	0.83	0.83
10	376	5.11	4.11
10	434	6.1	4.1
10	516	7.24	4.24
10	540	7.49	3.49
10	755	9.95	4.95
10	785	10.46	4.46
10	821	11.33	4.33
10	905	12.65	4.65
10	987	13.57	4.57
10	1122	15	5
10	1280	16.94	5.94
10	1445	19.71	7.71
10	1527	20.84	7.84
10	1697	23.21	9.21
10	1867	25.62	10.62
10	1916	26	10
10	2128	28.74	11.74
10	2416	33.11	15.11
10	2557	35.89	16.89
10	2587	36.02	16.02
10	2760	39.47	18.47
10	2866	40.39	18.39
10	2922	41	18
10	2946	41.15	17.15
10	3240	46.46	21.46
10	3272	47.1	21.1
10	3296	47.24	20.24
10	3322	47.49	19.49
10	3374	47.85	18.85
10	3462	49.06	19.06
10	3490	49.87	18.87
10	3520	50.23	18.23
10	3582	51.53	18.53
10	3612	52.45	18.45
10	3764	55.06	20.06
10	3816	55.87	19.87
10	3904	57.04	20.04
10	4040	58.89	20.89
10	4068	59.03	20.03
10	4228	60.84	20.84
10	4398	63.34	22.34
10	4540	65.44	23.44
10	4674	66.96	23.96
10	4838	68.99	24.99
10	4978	70.88	25.88
10	5010	71.27	25.27
10	5266	75.32	28.32
10	5290	75.46	27.46
10	5376	76.61	27.61
10	5546	79.4	29.4
10	5606	80.35	29.35
10	5632	80.55	28.55
10	5688	81.46	28.46
10	5714	81.59	27.59
10	5740	81.9	26.9
10	5822	82.71	26.71
10	5962	84.86	27.86
10	6020	85.94	27.94
10	6162	87.83	28.83
10	6252	89.79	29.79
10	6508	93.65	32.65
10	6540	94.05	32.05
10	6650	95.84	32.84
10	6826	98.77	34.77
10	7206	105.14	40.14
10	7288	106.25	40.25
10	7368	107.23	40.23
10	7422	107.73	39.73
10	7562	109.59	40.59
10	7592	110.11	40.11
10	7644	110.76	39.76
10	7668	110.93	38.93
10	7813	113.18	40.18
10	8422	123.27	49.27
10	8508	124.54	49.54
10	8532	124.87	48.87
10	8668	126.08	49.08
10	8780	127.67	49.67
10	8804	127.76	48.76
10	8836	128.55	48.55
10	8862	128.85	47.85
10	8968	129.97	47.97
10	9196	133.18	50.18
10	9224	133.52	49.52
10	9248	133.68	48.68
10	9278	134.12	48.12
10	9306	134.7	47.7
10	9364	135.6	47.6
10	9852	143.31	54.31
10	9992	145.14	55.14
10	10360	150.83	59.83
10	10517	152.19	60.19
10	10608	153.75	60.75
10	10778	156.27	62.27
10	10864	157.55	62.55
10	10994	158.98	62.98
10	11162	161.07	64.07
10	11366	164.8	66.8
10	11390	164.96	65.96
10	11608	167.14	67.14
10	11692	168.05	67.05
10	11718	168.65	66.65
10	11802	169.78	66.78
10	11996	172.34	68.34
10	12058	173.62	68.62
10	12090	174.02	68.02
10	12114	174.18	67.18
10	12228	176	68
10	12322	178.26	69.26
10	12430	179.45	69.45
10	12456	179.59	68.59
10	12535	180.2	68.2
10	12560	180.4	67.4
10	12612	180.93	66.93
10	12670	181.5	66.5
10	12700	182.46	66.46
10	12728	182.88	65.88
10	12760	183.54	65.54
10	12910	186.26	67.26
10	13206	189.74	69.74
10	13300	191.91	70.91
10	13416	193.54	71.54
10	13470	194	71
10	13496	194.48	70.48
10	13578	195.38	70.38
10	13698	197.58	71.58
10	13752	198.32	71.32
10	13810	199.25	71.25
10	13926	201.11	72.11
10	14090	203.23	73.23
10	14224	204.53	73.53
10	14274	204.84	72.84
10	14360	206.24	73.24
10	14390	206.76	72.76
10	14530	208.63	73.63
10	14588	209.91	73.91
10	14620	210.28	73.28
11	112	1.54	1.54
11	598	8.09	6.84
11	703	9.44	6.94
11	959	13.24	9.49
11	1170	15.46	10.46
11	1196	15.69	9.44
11	1338	17.96	10.46
11	1585	21.66	12.91
11	1723	23.44	13.44
11	1843	25.51	14.26
11	2244	30.62	18.12
11	2304	31.77	18.02
11	2362	32.64	17.64
11	2442	33.72	17.47
11	2712	39.17	21.67
11	3006	42.27	23.52
11	3100	44.43	24.43
11	3406	48.5	27.25
11	3434	48.83	26.33
11	3706	54.47	30.72
11	3932	57.66	32.66
11	3962	58.13	31.88
11	3986	58.22	30.72
11	4096	59.85	31.1
11	4200	60.45	30.45
11	4310	61.96	30.71
11	4344	62.62	30.12
11	4428	63.84	30.09
11	4732	67.76	32.76
11	4756	67.85	31.6
11	4784	68.02	30.52
11	4894	69.72	30.97
11	4954	70.63	30.63
11	5066	72.1	30.85
11	5152	73.67	31.17
11	5182	74.03	30.28
11	5400	76.88	31.88
11	5574	79.55	33.3
11	5656	80.95	33.45
11	5768	82.08	33.33
11	5852	83.39	33.39
11	5910	84.05	32.8
11	5934	84.38	31.88
11	6220	88.94	35.19
11	6284	90.23	35.23
11	6482	93.27	37.02
11	6592	94.94	37.44
11	6680	96	37.25
11	6706	96.45	36.45
11	6768	97.91	36.66
11	6798	98.38	35.88
11	6856	99.08	35.33
11	6906	99.55	34.55
11	7150	104.52	38.27
11	7182	105	37.5
11	7534	109.29	40.54
11	7620	110.5	40.5
11	7700	111.41	40.16
11	7756	112.25	39.75
11	7814	113.18	39.43
11	7864	113.39	38.39
11	7890	113.56	37.31
11	7916	113.87	36.37
11	8004	115.2	36.45
11	8182	118.65	38.65
11	8236	119.24	37.99
11	8386	122.14	39.64
11	8452	123.9	40.15
11	8722	126.75	41.75
11	8944	129.83	43.58
11	9338	135.18	47.68
11	9454	137.41	48.66
11	9488	138.01	48.01
11	9512	138.12	46.87
11	9536	138.26	45.76
11	9646	139.9	46.15
11	9702	140.49	45.49
11	10020	145.89	49.64
11	10466	151.86	54.36
11	10518	152.19	53.44
11	10554	153.01	53.01
11	10636	154.37	53.12
11	10688	154.91	52.41
11	10720	155.4	51.65
11	10834	157.45	52.45
11	10916	158.22	51.97
11	11024	159.49	51.99
11	11082	160	51.25
11	11106	160.4	50.4
11	11198	162.09	50.84
11	11746	168.93	56.43
11	11826	169.98	56.23
11	11882	170.28	55.28
11	11908	170.79	54.54
11	11940	171.25	53.75
11	12292	177.72	58.97
11	12536	180.2	60.2
11	12816	184.36	63.11
11	12962	186.9	64.4
11	13126	188.86	65.11
11	13156	189.13	64.13
11	13180	189.4	63.15
11	13634	196.21	68.71
11	13782	198.79	70.04
11	13838	199.8	69.8
11	13896	200.86	69.61
11	13980	201.81	69.31
11	14198	204.27	70.52
11	14248	204.74	69.74
11	14304	205.3	69.05
11	14414	206.88	69.38
11	14472	207.58	68.83
11	14556	208.96	68.96
12	1	0	1
12	30	0.5	2
12	59	1	3
12	86	1.5	4
12	114	2	5
12	144	2.5	6
12	197	3	7
12	201	3.5	8
12	295	4	9
12	344	4.5	10
12	349	5	11
12	379	5.5	12
12	407	6	13
12	437	6.5	14
12	490	7	15
12	543	7.5	16
12	572	8	17
12	601	8.5	18
12	676	9	19
12	704	9.5	20
12	758	10	21
12	787	10.5	22
12	791	11	23
12	822	11.5	24
12	850	12	25
12	879	12.5	26
12	909	13	27
12	961	13.5	28
12	991	14	29
12	1041	14.5	30
12	1094	15	31
12	1171	15.5	32
12	1200	16	33
12	1230	16.5	34
12	1282	17	35
12	1312	17.5	36
12	1341	18	37
12	1387	18.5	38
12	1415	19	39
12	1419	19.5	40
12	1448	20	41
12	1478	20.5	42
12	1530	21	43
12	1560	21.5	44
12	1589	22	45
12	1618	22.5	46
12	1647	23	47
12	1724	23.5	48
12	1754	24	49
12	1782	24.5	50
12	1812	25	51
12	1817	25.5	52
12	1890	26	53
12	1945	26.5	54
12	1991	27	55
12	2020	27.5	56
12	2074	28	57
12	2078	28.5	58
12	2156	29	59
12	2161	29.5	60
12	2190	30	61
12	2219	30.5	62
12	2248	31	63
12	2278	31.5	64
12	2306	32	65
12	2336	32.5	66
12	2389	33	67
12	2417	33.5	68
12	2448	34	69
12	2452	34.5	70
12	2481	35	71
12	2508	35.5	72
12	2560	36	73
12	2590	36.5	74
12	2619	37	75
12	2625	37.5	76
12	2650	38	77
12	2655	38.5	78
12	2685	39	79
12	2761	39.5	80
12	2815	40	81
12	2868	40.5	82
12	2896	41	83
12	2951	41.5	84
12	2979	42	85
12	3008	42.5	86
12	3038	43	87
12	3066	43.5	88
12	3072	44	89
12	3101	44.5	90
12	3130	45	91
12	3159	45.5	92
12	3188	46	93
12	3242	46.5	94
12	3246	47	95
12	3324	47.5	96
12	3377	48	97
12	3382	48.5	98
12	3436	49	99
12	3464	49.5	100
12	3493	50	101
12	3523	50.5	102
12	3527	51	103
12	3557	51.5	104
12	3586	52	105
12	3615	52.5	106
12	3620	53	107
12	3649	53.5	108
12	3679	54	109
12	3707	54.5	110
12	3737	55	111
12	3790	55.5	112
12	3842	56	113
12	3873	56.5	114
12	3877	57	115
12	3906	57.5	116
12	3936	58	117
12	3988	58.5	118
12	4042	59	119
12	4071	59.5	120
12	4100	60	121
12	4201	60.5	122
12	4230	61	123
12	4260	61.5	124
12	4312	62	125
12	4318	62.5	126
12	4371	63	127
12	4399	63.5	128
12	4430	64	129
12	4458	64.5	130
12	4463	65	131
12	4541	65.5	132
12	4569	66	133
12	4623	66.5	134
12	4676	67	135
12	4705	67.5	136
12	4758	68	137
12	4787	68.5	138
12	4841	69	139
12	4869	69.5	140
12	4899	70	141
12	4928	70.5	142
12	4980	71	143
12	5011	71.5	144
12	5039	72	145
12	5068	72.5	146
12	5098	73	147
12	5126	73.5	148
12	5156	74	149
12	5185	74.5	150
12	5238	75	151
12	5291	75.5	152
12	5320	76	153
12	5350	76.5	154
12	5402	77	155
12	5408	77.5	156
12	5461	78	157
12	5465	78.5	158
12	5520	79	159
12	5548	79.5	160
12	5577	80	161
12	5607	80.5	162
12	5659	81	163
12	5689	81.5	164
12	5742	82	165
12	5771	82.5	166
12	5824	83	167
12	5853	83.5	168
12	5883	84	169
12	5935	84.5	170
12	5965	85	171
12	5970	85.5	172
12	6022	86	173
12	6053	86.5	174
12	6081	87	175
12	6134	87.5	176
12	6164	88	177
12	6192	88.5	178
12	6222	89	179
12	6227	89.5	180
12	6256	90	181
12	6285	90.5	182
12	6314	91	183
12	6368	91.5	184
12	6396	92	185
12	6426	92.5	186
12	6455	93	187
12	6483	93.5	188
12	6514	94	189
12	6566	94.5	190
12	6595	95	191
12	6625	95.5	192
12	6653	96	193
12	6707	96.5	194
12	6736	97	195
12	6741	97.5	196
12	6770	98	197
12	6799	98.5	198
12	6829	99	199
12	6881	99.5	200
12	6911	100	201
12	6964	100.5	202
12	6968	101	203
12	6999	101.5	204
12	7003	102	205
12	7032	102.5	206
12	7062	103	207
12	7090	103.5	208
12	7096	104	209
12	7125	104.5	210
12	7154	105	211
12	7207	105.5	212
12	7236	106	213
12	7290	106.5	214
12	7318	107	215
12	7396	107.5	216
12	7449	108	217
12	7477	108.5	218
12	7508	109	219
12	7536	109.5	220
12	7565	110	221
12	7595	110.5	222
12	7671	111	223
12	7701	111.5	224
12	7706	112	225
12	7759	112.5	226
12	7764	113	227
12	7865	113.5	228
12	7919	114	229
12	7947	114.5	230
12	7977	115	231
12	8006	115.5	232
12	8034	116	233
12	8041	116.5	234
12	8069	117	235
12	8098	117.5	236
12	8128	118	237
12	8156	118.5	238
12	8210	119	239
12	8239	119.5	240
12	8268	120	241
12	8297	120.5	242
12	8326	121	243
12	8356	121.5	244
12	8360	122	245
12	8390	122.5	246
12	8395	123	247
12	8423	123.5	248
12	8478	124	249
12	8482	124.5	250
12	8535	125	251
12	8589	125.5	252
12	8641	126	253
12	8695	126.5	254
12	8724	127	255
12	8753	127.5	256
12	8806	128	257
12	8811	128.5	258
12	8865	129	259
12	8893	129.5	260
12	8971	130	261
12	9000	130.5	262
12	9028	131	263
12	9059	131.5	264
12	9111	132	265
12	9140	132.5	266
12	9170	133	267
12	9198	133.5	268
12	9252	134	269
12	9281	134.5	270
12	9310	135	271
12	9339	135.5	272
12	9392	136	273
12	9398	136.5	274
12	9426	137	275
12	9456	137.5	276
12	9461	138	277
12	9537	138.5	278
12	9592	139	279
12	9620	139.5	280
12	9649	140	281
12	9703	140.5	282
12	9731	141	283
12	9761	141.5	284
12	9790	142	285
12	9795	142.5	286
12	9824	143	287
12	9853	143.5	288
12	9907	144	289
12	9911	144.5	290
12	9965	145	291
12	9994	145.5	292
12	10022	146	293
12	10053	146.5	294
12	10105	147	295
12	10110	147.5	296
12	10140	148	297
12	10192	148.5	298
12	10222	149	299
12	10275	149.5	300
12	10281	150	301
12	10309	150.5	302
12	10386	151	303
12	10440	151.5	304
12	10468	152	305
12	10522	152.5	306
12	10527	153	307
12	10555	153.5	308
12	10610	154	309
12	10638	154.5	310
12	10691	155	311
12	10721	155.5	312
12	10749	156	313
12	10779	156.5	314
12	10785	157	315
12	10837	157.5	316
12	10890	158	317
12	10919	158.5	318
12	10997	159	319
12	11025	159.5	320
12	11055	160	321
12	11108	160.5	322
12	11136	161	323
12	11167	161.5	324
12	11171	162	325
12	11200	162.5	326
12	11254	163	327
12	11258	163.5	328
12	11288	164	329
12	11317	164.5	330
12	11394	165	331
12	11423	165.5	332
12	11452	166	333
12	11554	166.5	334
12	11582	167	335
12	11636	167.5	336
12	11665	168	337
12	11693	168.5	338
12	11748	169	339
12	11752	169.5	340
12	11829	170	341
12	11883	170.5	342
12	11911	171	343
12	11941	171.5	344
12	11946	172	345
12	11999	172.5	346
12	12004	173	347
12	12033	173.5	348
12	12063	174	349
12	12115	174.5	350
12	12145	175	351
12	12174	175.5	352
12	12202	176	353
12	12233	176.5	354
12	12261	177	355
12	12266	177.5	356
12	12296	178	357
12	12324	178.5	358
12	12354	179	359
12	12431	179.5	360
12	12484	180	361
12	12561	180.5	362
12	12614	181	363
12	12644	181.5	364
12	12672	182	365
12	12702	182.5	366
12	12731	183	367
12	12735	183.5	368
12	12790	184	369
12	12818	184.5	370
12	12823	185	371
12	12853	185.5	372
12	12881	186	373
12	12911	186.5	374
12	12964	187	375
12	12993	187.5	376
12	13022	188	377
12	13075	188.5	378
12	13129	189	379
12	13181	189.5	380
12	13211	190	381
12	13240	190.5	382
12	13245	191	383
12	13275	191.5	384
12	13303	192	385
12	13332	192.5	386
12	13339	193	387
12	13390	193.5	388
12	13444	194	389
12	13497	194.5	390
12	13550	195	391
12	13579	195.5	392
12	13608	196	393
12	13638	196.5	394
12	13666	197	395
12	13672	197.5	396
12	13725	198	397
12	13753	198.5	398
12	13784	199	399
12	13812	199.5	400
12	13841	200	401
12	13871	200.5	402
12	13899	201	403
12	13953	201.5	404
12	14006	202	405
12	14035	202.5	406
12	14064	203	407
12	14093	203.5	408
12	14147	204	409
12	14199	204.5	410
12	14277	205	411
12	14306	205.5	412
12	14334	206	413
12	14365	206.5	414
12	14417	207	415
12	14446	207.5	416
12	14476	208	417
12	14504	208.5	418
12	14558	209	419
12	14563	209.5	420
12	14592	210	421
12	14621	210.5	422
13	2	0	1
13	32	0.75	2
13	85	1.5	3
13	117	2.25	4
13	196	3	5
13	246	3.75	6
13	343	4.5	7
13	377	5.25	8
13	406	6	9
13	463	6.75	10
13	542	7.5	11
13	599	8.25	12
13	675	9	13
13	730	9.75	14
13	786	10.5	15
13	795	11.25	16
13	849	12	17
13	906	12.75	18
13	960	13.5	19
13	1039	14.25	20
13	1093	15	21
13	1197	15.75	22
13	1229	16.5	23
13	1285	17.25	24
13	1340	18	25
13	1390	18.75	26
13	1418	19.5	27
13	1452	20.25	28
13	1529	21	29
13	1586	21.75	30
13	1617	22.5	31
13	1698	23.25	32
13	1753	24	33
13	1784	24.75	34
13	1816	25.5	35
13	1918	26.25	36
13	1990	27	37
13	2071	27.75	38
13	2077	28.5	39
13	2159	29.25	40
13	2189	30	41
13	2245	30.75	42
13	2277	31.5	43
13	2333	32.25	44
13	2388	33	45
13	2444	33.75	46
13	2451	34.5	47
13	2506	35.25	48
13	2559	36	49
13	2592	36.75	50
13	2623	37.5	51
13	2653	38.25	52
13	2684	39	53
13	2763	39.75	54
13	2867	40.5	55
13	2948	41.25	56
13	2978	42	57
13	3035	42.75	58
13	3065	43.5	59
13	3075	44.25	60
13	3129	45	61
13	3161	45.75	62
13	3241	46.5	63
13	3297	47.25	64
13	3376	48	65
13	3408	48.75	66
13	3463	49.5	67
13	3521	50.25	68
13	3526	51	69
13	3583	51.75	70
13	3614	52.5	71
13	3623	53.25	72
13	3678	54	73
13	3709	54.75	74
13	3789	55.5	75
13	3846	56.25	76
13	3876	57	77
13	3933	57.75	78
13	3987	58.5	79
13	4069	59.25	80
13	4099	60	81
13	4203	60.75	82
13	4259	61.5	83
13	4315	62.25	84
13	4370	63	85
13	4402	63.75	86
13	4457	64.5	87
13	4491	65.25	88
13	4568	66	89
13	4649	66.75	90
13	4704	67.5	91
13	4785	68.25	92
13	4840	69	93
13	4895	69.75	94
13	4927	70.5	95
13	4984	71.25	96
13	5038	72	97
13	5071	72.75	98
13	5125	73.5	99
13	5183	74.25	100
13	5237	75	101
13	5293	75.75	102
13	5349	76.5	103
13	5405	77.25	104
13	5460	78	105
13	5492	78.75	106
13	5547	79.5	107
13	5581	80.25	108
13	5658	81	109
13	5715	81.75	110
13	5770	82.5	111
13	5827	83.25	112
13	5882	84	113
13	5937	84.75	114
13	5969	85.5	115
13	6026	86.25	116
13	6080	87	117
13	6137	87.75	118
13	6191	88.5	119
13	6225	89.25	120
13	6255	90	121
13	6287	90.75	122
13	6367	91.5	123
13	6423	92.25	124
13	6454	93	125
13	6510	93.75	126
13	6565	94.5	127
13	6599	95.25	128
13	6652	96	129
13	6709	96.75	130
13	6740	97.5	131
13	6773	98.25	132
13	6828	99	133
13	6907	99.75	134
13	6963	100.5	135
13	6972	101.25	136
13	7002	102	137
13	7059	102.75	138
13	7089	103.5	139
13	7123	104.25	140
13	7153	105	141
13	7209	105.75	142
13	7289	106.5	143
13	7369	107.25	144
13	7448	108	145
13	7480	108.75	146
13	7535	109.5	147
13	7593	110.25	148
13	7670	111	149
13	7703	111.75	150
13	7758	112.5	151
13	7815	113.25	152
13	7918	114	153
13	7973	114.75	154
13	8005	115.5	155
13	8038	116.25	156
13	8068	117	157
13	8101	117.75	158
13	8155	118.5	159
13	8237	119.25	160
13	8267	120	161
13	8299	120.75	162
13	8355	121.5	163
13	8387	122.25	164
13	8394	123	165
13	8426	123.75	166
13	8481	124.5	167
13	8539	125.25	168
13	8640	126	169
13	8697	126.75	170
13	8752	127.5	171
13	8809	128.25	172
13	8864	129	173
13	8919	129.75	174
13	8999	130.5	175
13	9056	131.25	176
13	9110	132	177
13	9143	132.75	178
13	9197	133.5	179
13	9279	134.25	180
13	9309	135	181
13	9365	135.75	182
13	9397	136.5	183
13	9429	137.25	184
13	9460	138	185
13	9564	138.75	186
13	9619	139.5	187
13	9677	140.25	188
13	9730	141	189
13	9763	141.75	190
13	9794	142.5	191
13	9827	143.25	192
13	9906	144	193
13	9961	144.75	194
13	9993	145.5	195
13	10026	146.25	196
13	10104	147	197
13	10137	147.75	198
13	10191	148.5	199
13	10273	149.25	200
13	10280	150	201
13	10335	150.75	202
13	10439	151.5	203
13	10519	152.25	204
13	10526	153	205
13	10582	153.75	206
13	10637	154.5	207
13	10695	155.25	208
13	10748	156	209
13	10781	156.75	210
13	10836	157.5	211
13	10917	158.25	212
13	10996	159	213
13	11051	159.75	214
13	11107	160.5	215
13	11164	161.25	216
13	11170	162	217
13	11227	162.75	218
13	11257	163.5	219
13	11291	164.25	220
13	11393	165	221
13	11449	165.75	222
13	11553	166.5	223
13	11609	167.25	224
13	11664	168	225
13	11720	168.75	226
13	11751	169.5	227
13	11857	170.25	228
13	11910	171	229
13	11943	171.75	230
13	11998	172.5	231
13	12031	173.25	232
13	12062	174	233
13	12141	174.75	234
13	12173	175.5	235
13	12230	176.25	236
13	12260	177	237
13	12293	177.75	238
13	12323	178.5	239
13	12381	179.25	240
13	12483	180	241
13	12587	180.75	242
13	12643	181.5	243
13	12675	182.25	244
13	12730	183	245
13	12762	183.75	246
13	12817	184.5	247
13	12851	185.25	248
13	12880	186	249
13	12913	186.75	250
13	12992	187.5	251
13	13049	188.25	252
13	13128	189	253
13	13207	189.75	254
13	13239	190.5	255
13	13272	191.25	256
13	13302	192	257
13	13335	192.75	258
13	13389	193.5	259
13	13471	194.25	260
13	13549	195	261
13	13605	195.75	262
13	13637	196.5	263
13	13669	197.25	264
13	13724	198	265
13	13756	198.75	266
13	13811	199.5	267
13	13869	200.25	268
13	13898	201	269
13	13955	201.75	270
13	14034	202.5	271
13	14091	203.25	272
13	14146	204	273
13	14249	204.75	274
13	14305	205.5	275
13	14362	206.25	276
13	14416	207	277
13	14473	207.75	278
13	14503	208.5	279
13	14561	209.25	280
13	14591	210	281
14	3	0	1
14	58	1	2
14	113	2	3
14	195	3	4
14	294	4	5
14	348	5	6
14	405	6	7
14	489	7	8
14	571	8	9
14	674	9	10
14	757	10	11
14	790	11	12
14	848	12	13
14	908	13	14
14	990	14	15
14	1092	15	16
14	1199	16	17
14	1281	17	18
14	1339	18	19
14	1414	19	20
14	1447	20	21
14	1528	21	22
14	1588	22	23
14	1646	23	24
14	1752	24	25
14	1811	25	26
14	1889	26	27
14	1989	27	28
14	2073	28	29
14	2155	29	30
14	2188	30	31
14	2247	31	32
14	2305	32	33
14	2387	33	34
14	2447	34	35
14	2480	35	36
14	2558	36	37
14	2618	37	38
14	2649	38	39
14	2683	39	40
14	2814	40	41
14	2895	41	42
14	2977	42	43
14	3037	43	44
14	3071	44	45
14	3128	45	46
14	3187	46	47
14	3245	47	48
14	3375	48	49
14	3435	49	50
14	3492	50	51
14	3525	51	52
14	3585	52	53
14	3619	53	54
14	3677	54	55
14	3736	55	56
14	3841	56	57
14	3875	57	58
14	3935	58	59
14	4041	59	60
14	4098	60	61
14	4229	61	62
14	4311	62	63
14	4369	63	64
14	4429	64	65
14	4462	65	66
14	4567	66	67
14	4675	67	68
14	4757	68	69
14	4839	69	70
14	4898	70	71
14	4979	71	72
14	5037	72	73
14	5097	73	74
14	5155	74	75
14	5236	75	76
14	5319	76	77
14	5401	77	78
14	5459	78	79
14	5519	79	80
14	5576	80	81
14	5657	81	82
14	5741	82	83
14	5823	83	84
14	5881	84	85
14	5964	85	86
14	6021	86	87
14	6079	87	88
14	6163	88	89
14	6221	89	90
14	6254	90	91
14	6313	91	92
14	6395	92	93
14	6453	93	94
14	6513	94	95
14	6594	95	96
14	6651	96	97
14	6735	97	98
14	6769	98	99
14	6827	99	100
14	6910	100	101
14	6967	101	102
14	7001	102	103
14	7061	103	104
14	7095	104	105
14	7152	105	106
14	7235	106	107
14	7317	107	108
14	7447	108	109
14	7507	109	110
14	7564	110	111
14	7669	111	112
14	7705	112	113
14	7763	113	114
14	7917	114	115
14	7976	115	116
14	8033	116	117
14	8067	117	118
14	8127	118	119
14	8209	119	120
14	8266	120	121
14	8325	121	122
14	8359	122	123
14	8393	123	124
14	8477	124	125
14	8534	125	126
14	8639	126	127
14	8723	127	128
14	8805	128	129
14	8863	129	130
14	8970	130	131
14	9027	131	132
14	9109	132	133
14	9169	133	134
14	9251	134	135
14	9308	135	136
14	9391	136	137
14	9425	137	138
14	9459	138	139
14	9591	139	140
14	9648	140	141
14	9729	141	142
14	9789	142	143
14	9823	143	144
14	9905	144	145
14	9964	145	146
14	10021	146	147
14	10103	147	148
14	10139	148	149
14	10221	149	150
14	10278	150	151
14	10385	151	152
14	10467	152	153
14	10525	153	154
14	10609	154	155
14	10690	155	156
14	10747	156	157
14	10783	157	158
14	10889	158	159
14	10995	159	160
14	11054	160	161
14	11135	161	162
14	11169	162	163
14	11253	163	164
14	11287	164	165
14	11392	165	166
14	11451	166	167
14	11581	167	168
14	11663	168	169
14	11747	169	170
14	11828	170	171
14	11909	171	172
14	11945	172	173
14	12003	173	174
14	12061	174	175
14	12144	175	176
14	12201	176	177
14	12259	177	178
14	12295	178	179
14	12353	179	180
14	12482	180	181
14	12613	181	182
14	12671	182	183
14	12729	183	184
14	12789	184	185
14	12822	185	186
14	12879	186	187
14	12963	187	188
14	13021	188	189
14	13127	189	190
14	13210	190	191
14	13243	191	192
14	13301	192	193
14	13337	193	194
14	13443	194	195
14	13548	195	196
14	13607	196	197
14	13665	197	198
14	13723	198	199
14	13783	199	200
14	13840	200	201
14	13897	201	202
14	14005	202	203
14	14063	203	204
14	14145	204	205
14	14276	205	206
14	14333	206	207
14	14415	207	208
14	14475	208	209
14	14557	209	210
14	14590	210	211
15	4	0	1
15	83	1.25	2
15	143	2.5	3
15	245	3.75	4
15	347	5	5
15	435	6.25	6
15	541	7.5	7
15	648	8.75	8
15	756	10	9
15	794	11.25	10
15	878	12.5	11
15	988	13.75	12
15	1091	15	13
15	1227	16.25	14
15	1311	17.5	15
15	1389	18.75	16
15	1446	20	17
15	1558	21.25	18
15	1616	22.5	19
15	1726	23.75	20
15	1810	25	21
15	1917	26.25	22
15	2019	27.5	23
15	2129	28.75	24
15	2187	30	25
15	2251	31.25	26
15	2335	32.5	27
15	2443	33.75	28
15	2479	35	29
15	2588	36.25	30
15	2622	37.5	31
15	2657	38.75	32
15	2813	40	33
15	2947	41.25	34
15	3007	42.5	35
15	3069	43.75	36
15	3127	45	37
15	3191	46.25	38
15	3323	47.5	39
15	3407	48.75	40
15	3491	50	41
15	3555	51.25	42
15	3613	52.5	43
15	3651	53.75	44
15	3735	55	45
15	3845	56.25	46
15	3905	57.5	47
15	4015	58.75	48
15	4097	60	49
15	4233	61.25	50
15	4317	62.5	51
15	4401	63.75	52
15	4461	65	53
15	4597	66.25	54
15	4703	67.5	55
15	4813	68.75	56
15	4897	70	57
15	4983	71.25	58
15	5067	72.5	59
15	5153	73.75	60
15	5235	75	61
15	5347	76.25	62
15	5407	77.5	63
15	5491	78.75	64
15	5575	80	65
15	5663	81.25	66
15	5769	82.5	67
15	5879	83.75	68
15	5963	85	69
15	6025	86.25	70
15	6133	87.5	71
15	6195	88.75	72
15	6253	90	73
15	6341	91.25	74
15	6425	92.5	75
15	6509	93.75	76
15	6593	95	77
15	6681	96.25	78
15	6739	97.5	79
15	6801	98.75	80
15	6909	100	81
15	6971	101.25	82
15	7031	102.5	83
15	7093	103.75	84
15	7151	105	85
15	7263	106.25	86
15	7395	107.5	87
15	7479	108.75	88
15	7563	110	89
15	7675	111.25	90
15	7757	112.5	91
15	7891	113.75	92
15	7975	115	93
15	8037	116.25	94
15	8097	117.5	95
15	8183	118.75	96
15	8265	120	97
15	8329	121.25	98
15	8389	122.5	99
15	8425	123.75	100
15	8533	125	101
15	8669	126.25	102
15	8751	127.5	103
15	8837	128.75	104
15	8969	130	105
15	9055	131.25	106
15	9139	132.5	107
15	9249	133.75	108
15	9307	135	109
15	9395	136.25	110
15	9455	137.5	111
15	9563	138.75	112
15	9647	140	113
15	9735	141.25	114
15	9793	142.5	115
15	9879	143.75	116
15	9963	145	117
15	10025	146.25	118
15	10109	147.5	119
15	10219	148.75	120
15	10277	150	121
15	10413	151.25	122
15	10521	152.5	123
15	10581	153.75	124
15	10689	155	125
15	10753	156.25	126
15	10835	157.5	127
15	10945	158.75	128
15	11053	160	129
15	11163	161.25	130
15	11199	162.5	131
15	11261	163.75	132
15	11391	165	133
15	11503	166.25	134
15	11635	167.5	135
15	11719	168.75	136
15	11827	170	137
15	11915	171.25	138
15	11997	172.5	139
15	12059	173.75	140
15	12143	175	141
15	12229	176.25	142
15	12265	177.5	143
15	12327	178.75	144
15	12481	180	145
15	12641	181.25	146
15	12701	182.5	147
15	12761	183.75	148
15	12821	185	149
15	12885	186.25	150
15	12991	187.5	151
15	13101	188.75	152
15	13209	190	153
15	13271	191.25	154
15	13331	192.5	155
15	13441	193.75	156
15	13547	195	157
15	13635	196.25	158
15	13671	197.5	159
15	13755	198.75	160
15	13839	200	161
15	13927	201.25	162
15	14033	202.5	163
15	14095	203.75	164
15	14275	205	165
15	14361	206.25	166
15	14445	207.5	167
15	14531	208.75	168
15	14589	210	169
